Index	Value
0	2713
1	2714
2	0
3	2715
4	2708
5	2709
6	2742
7	2716
8	2745
9	2743
10	2711
11	2722
12	2744
13	2723
14	1
15	2725
16	2710
17	2701
18	2746
19	2704
20	2747
21	2703
22	2615
23	2699
24	2739
25	2730
26	2692
27	2719
28	2729
29	2751
30	2748
31	2736
32	2616
33	2618
34	2700
35	122
36	5
37	2750
38	2753
39	2678
40	2496
41	2498
42	2752
43	2617
44	2738
45	2611
46	2627
47	2608
48	7
49	2619
50	125
51	123
52	2483
53	2482
54	17
55	2614
56	129
57	126
58	124
59	366
60	2497
61	2679
62	2691
63	131
64	136
65	2605
66	2749
67	2575
68	2612
69	2578
70	2603
71	2500
72	2624
73	2626
74	367
75	2601
76	2629
77	2577
78	2630
79	2495
80	2494
81	2622
82	368
83	2502
84	2647
85	128
86	2488
87	2602
88	2485
89	137
90	134
91	135
92	2687
93	2755
94	2633
95	2503
96	142
97	2505
98	141
99	147
100	149
101	2628
102	144
103	2579
104	2635
105	2631
106	145
107	2652
108	2638
109	2640
110	140
111	2492
112	2650
113	2468
114	2659
115	2491
116	2648
117	2664
118	2643
119	2672
120	2656
121	2506
122	2675
123	2770
124	2772
125	146
126	2636
127	151
128	2572
129	2510
130	2507
131	2568
132	150
133	155
134	2632
135	2490
136	2571
137	2509
138	2762
139	156
140	157
141	2518
142	2657
143	2658
144	2515
145	2512
146	2569
147	2563
148	2596
149	2469
150	2639
151	2465
152	2570
153	2673
154	2558
155	2796
156	154
157	2519
158	2462
159	2584
160	2771
161	2448
162	2787
163	2798
164	2592
165	2777
166	2789
167	2764
168	2523
169	2458
170	2590
171	2799
172	2805
173	2804
174	166
175	158
176	2522
177	2450
178	2784
179	2454
180	153
181	165
182	2457
183	2562
184	161
185	365
186	163
187	2791
188	2451
189	2803
190	2593
191	2514
192	2521
193	2565
194	2589
195	171
196	175
197	2824
198	2793
199	2794
200	199
201	168
229	2561
203	2806
204	2819
205	2785
206	2586
207	2818
255	2820
209	209
210	190
211	194
212	2455
213	2815
214	2814
215	2808
216	2520
217	169
218	362
219	2446
220	2442
221	2816
222	170
223	2567
224	178
225	2525
226	198
227	2447
228	2535
230	2526
231	2528
232	2529
233	211
234	174
235	2822
236	183
237	2812
238	180
239	2825
240	2433
241	2823
242	2811
243	2809
244	2810
245	217
246	2894
247	2892
248	185
249	2905
250	228
251	2534
252	2418
253	2908
254	2417
257	218
258	2829
259	2423
260	2831
261	2236
262	2834
263	2817
264	2911
265	2917
266	2912
267	192
268	2225
269	2235
270	2228
271	234
272	182
273	2909
274	2920
275	2919
276	230
277	212
278	193
279	247
280	2942
281	229
282	2949
283	2230
284	200
285	2827
286	2425
287	214
288	205
289	2921
290	184
291	262
292	2426
293	2421
294	2226
295	249
296	2531
297	2533
298	2826
299	2836
300	2233
301	250
302	2833
303	2837
304	359
305	204
306	2922
307	2924
308	2944
309	2946
310	2419
311	207
312	364
313	2524
314	2918
315	2948
316	2838
317	2923
318	2889
319	2886
320	2842
321	2416
322	2415
323	2896
324	2899
325	238
326	2841
327	219
328	2914
329	2913
330	2844
331	2411
332	2845
333	2530
334	2843
335	2413
336	222
337	2227
338	2849
339	2220
340	2537
341	2544
342	2539
343	2951
344	2229
345	2900
346	2217
347	2952
348	2199
349	2237
350	2231
351	245
352	2860
353	2847
354	223
355	2414
356	236
357	360
358	2410
359	351
360	361
361	2888
362	357
363	2864
364	263
365	264
366	2540
367	2538
368	2857
369	2901
370	2933
371	2935
372	2222
373	354
374	2851
375	2221
376	2853
377	2219
378	363
379	2405
380	2402
381	2934
382	2200
383	2202
384	350
385	346
386	2855
387	2858
388	246
389	2955
390	2196
391	265
392	2409
393	2956
394	2926
395	348
396	267
397	337
398	266
399	270
400	2929
401	2931
402	2400
403	268
404	275
405	2937
406	221
407	2959
408	2957
409	356
410	2197
411	2548
412	2556
413	2542
414	2203
415	290
416	2553
417	2887
418	2854
419	2939
420	2938
421	2210
422	314
423	2859
424	2401
425	2398
428	291
427	294
429	2360
430	2362
431	2224
432	2239
433	2213
434	2215
435	2543
436	2352
437	2870
438	2393
439	2396
440	292
441	2871
442	2254
443	2394
444	2198
445	2958
452	2240
447	2863
448	2179
449	296
450	341
451	332
453	2152
454	2183
455	2241
456	2148
457	2194
458	2965
459	322
460	2964
461	2147
462	329
463	352
464	1782
465	2193
466	2550
467	2862
468	2960
469	2161
470	2359
471	327
472	2552
473	2153
474	2155
475	2255
476	297
477	300
478	2555
479	2872
480	2245
481	333
482	1781
483	2175
484	2246
485	2387
486	347
487	2877
488	339
489	1775
490	2174
491	1770
492	2257
493	1776
494	2961
495	2879
496	2212
497	2256
498	334
499	1708
500	2866
501	2861
502	302
503	1794
504	1796
505	2379
506	2878
507	2873
508	2366
509	2363
510	1785
511	2182
512	305
513	2876
514	2885
515	324
516	1773
517	2372
518	323
519	301
520	1787
521	313
522	1792
523	308
524	1790
525	2355
526	2261
527	2353
528	2358
529	1762
530	311
531	1818
532	1709
533	2881
534	1819
535	310
536	1712
537	1710
538	2875
539	1715
540	2882
541	2346
542	2968
543	2970
544	2142
545	2250
546	1764
547	2368
548	2974
549	2262
550	2343
551	2374
552	2265
553	2022
554	2373
555	2972
556	2242
557	2243
558	2252
559	2977
560	2165
561	2204
562	2973
563	2266
564	1830
565	2159
566	2144
567	2157
568	2263
569	1838
570	1828
571	2376
572	2378
573	2981
574	2333
575	1834
576	2331
577	309
578	2883
579	1823
580	2269
581	1716
582	1718
583	2023
584	2167
585	1779
586	2019
587	2375
588	2207
589	1756
590	1789
591	2330
592	2338
593	2187
594	2176
595	2024
596	2026
597	2320
598	2319
599	2272
600	2027
601	2341
602	2141
603	2170
604	1831
605	1822
606	1803
607	2169
608	2285
609	2278
610	1751
611	2339
612	2271
613	1842
614	1839
615	1714
616	1821
617	1713
618	2188
619	2189
620	1720
621	2021
622	1798
623	2140
624	1866
625	2321
626	2334
627	1703
628	1719
629	2028
630	1752
631	2138
632	1704
633	2136
634	2015
635	1698
636	2986
637	2029
638	2978
639	2284
640	3019
641	2297
642	2268
643	1706
644	2020
645	2030
646	2976
647	1868
648	2300
649	1845
650	1867
651	2336
652	2275
653	2288
654	2295
655	1871
656	1846
657	2984
658	2280
659	2133
660	2135
661	1804
662	1701
663	2283
664	2979
665	2294
666	2291
667	2287
668	2032
669	2031
670	2340
671	2987
672	3018
673	3020
674	1844
675	1843
676	2993
677	2281
678	1852
679	2296
680	2994
681	1848
682	2016
683	1809
684	2017
685	2011
686	2018
687	2012
688	1858
689	1810
690	1808
691	1799
692	1745
693	3021
694	3027
695	2033
696	2034
697	2989
698	1860
699	1800
700	1738
701	2129
702	2132
703	1851
704	1855
706	1857
707	1813
708	2304
709	2293
710	1853
711	1861
712	2997
713	1638
714	3000
715	3002
716	3003
717	3009
718	2286
719	1727
720	1684
721	1870
722	1728
723	1872
724	1641
725	2035
726	1700
727	1863
728	2013
729	3001
730	3025
731	1741
732	2010
733	1744
734	1737
735	1739
736	1694
737	1917
738	1865
739	1864
740	1666
741	2039
742	1682
743	3006
744	3008
745	2040
746	1856
747	1683
748	2006
749	2036
750	1639
751	3026
752	3032
753	1651
754	1652
755	3035
756	1685
757	1702
758	2302
759	2003
760	1635
761	3010
762	3013
763	3017
764	2001
765	3023
766	1672
767	3034
768	2310
769	2308
770	1667
771	2306
772	1916
773	1905
774	1919
775	1634
776	2089
777	3014
778	2292
779	1859
780	3015
781	1811
782	2315
783	1881
784	1862
785	8698
786	1896
787	1879
788	1693
789	1920
790	1887
791	1742
792	1647
793	2312
794	2317
795	1874
796	3022
797	2313
798	1875
799	1884
800	8702
801	1885
802	1678
803	3016
804	1643
805	8693
806	1876
807	3039
808	1690
809	1695
810	1724
811	2116
812	2117
813	2130
814	3045
815	1723
816	3047
817	2318
818	1897
819	1898
820	1730
821	1691
822	1680
823	1980
824	3044
852	1907
826	1660
827	1671
828	1674
829	2085
830	1675
831	1677
832	1957
833	1956
834	1662
835	2125
836	3036
837	1906
838	1886
839	2316
840	3040
841	1658
842	1978
843	1664
844	3038
845	8699
846	1909
847	1877
848	3055
849	2109
850	3048
851	8691
853	2121
854	1890
855	8694
856	8703
857	1891
858	1649
859	1644
860	1981
861	1997
862	2088
863	3041
864	8695
865	1952
866	1650
867	1636
868	3042
869	2041
870	1645
871	3062
872	2119
873	2123
874	1889
875	2080
876	3070
877	8671
878	1960
879	1922
880	1914
881	1902
882	1961
883	1983
884	1915
885	1924
886	1938
887	1963
888	1959
889	1944
890	1964
891	1931
892	1994
893	1996
894	2000
895	3069
896	3068
897	1945
898	2091
899	1942
900	1929
901	1627
902	2108
903	1623
904	1979
905	3056
906	2092
907	1926
908	3049
909	8670
910	8700
911	8762
912	8766
913	8768
914	8769
915	2048
916	2047
917	8704
918	1999
919	2044
920	1928
921	2124
922	1986
923	1988
924	1984
925	2043
926	8665
927	1950
928	2049
929	2074
930	3051
931	1985
932	2122
933	3089
934	3087
935	3085
936	8673
937	3083
938	1949
939	3079
940	1965
941	1992
942	1628
943	2076
944	2098
945	1625
946	3063
947	3065
948	3071
949	2115
950	2112
951	1995
952	2078
953	2058
954	2061
955	2050
956	2111
957	1948
958	3072
959	1935
960	3076
961	2095
962	8674
963	1933
964	1967
965	2103
966	2105
967	8675
968	1971
969	8688
970	8770
971	3092
972	22
973	8771
1006	1947
975	1969
976	1991
977	8690
978	1934
979	1940
980	1972
981	2073
982	2053
983	1976
984	2051
985	8686
986	2099
987	2062
988	1242
989	1255
990	3074
991	8651
992	2065
993	3073
994	1989
995	8755
996	1946
997	1269
998	1200
999	1201
1000	1962
1001	8772
1002	2069
1003	1238
1004	2066
1005	8676
1007	1202
1008	8654
1009	1199
1010	1973
1011	2068
1012	3090
1013	8642
1014	1274
1015	2071
1016	1620
1017	1622
1018	1618
1019	1237
1020	8757
1021	1621
1022	3097
1023	8756
1024	1267
1025	1975
1026	1062
1027	2106
1028	8773
1029	1193
1030	2067
1031	3098
1032	1204
1033	3102
1034	8655
1035	1282
1036	1095
1037	1061
1038	8641
1039	1195
1040	1084
1041	1188
1042	1093
1043	1086
1044	1097
1045	8656
1046	8659
1047	8645
1048	1092
1049	3080
1050	1245
1051	1074
1052	1075
1053	1246
1054	1619
1055	3105
1056	3106
1057	8666
1058	2102
1059	3093
1060	1051
1061	1048
1062	1053
1063	3078
1064	3174
1065	3179
1066	1063
1067	1078
1068	3114
1069	8653
1070	1616
1071	2101
1072	3170
1073	3116
1074	8689
1075	8758
1076	1974
1077	1098
1078	3112
1079	3099
1080	8646
1081	1206
1082	1189
1083	1208
1084	1085
1085	1210
1086	1272
1087	8760
1088	1190
1089	1091
1090	8647
1091	1090
1092	1611
1093	8682
1094	8776
1095	3115
1096	8634
1097	1198
1098	8680
1099	1205
1100	1612
1101	1283
1102	1221
1103	1049
1104	1284
1105	3110
1106	1076
1107	3117
1108	8639
1109	1225
1110	3119
1111	3171
1112	8685
1113	8706
1114	8637
1115	1100
1116	1081
1117	8719
1118	1191
1119	1101
1120	1102
1121	8725
1122	1266
1123	1103
1124	1054
1125	1050
1126	1083
1127	1064
1128	3109
1129	1077
1130	1276
1131	1071
1132	3178
1133	1174
1134	3121
1135	1258
1136	1059
1137	3120
1138	1277
1139	1278
1140	1045
1141	1613
1142	8727
1143	8761
1144	8620
1145	8774
1146	1209
1147	8621
1148	1192
1149	1056
1150	8728
1151	1247
1152	1281
1153	3180
1154	1079
1155	1080
1156	8705
1157	8777
1158	1107
1159	8796
1160	1185
1161	1172
1162	1104
1163	1070
1164	3411
1165	1187
1166	1232
1167	1167
1168	8794
1169	1280
1170	1068
1171	3182
1172	1046
1173	3126
1174	3127
1175	1165
1176	1105
1177	1043
1178	3138
1179	8736
1180	8716
1181	8707
1182	1229
1183	8730
1184	1173
1185	1108
1186	3149
1187	8775
1188	8797
1189	1111
1190	1166
1191	3141
1192	3151
1193	8708
1194	1182
1195	1072
1196	3183
1197	3163
1198	3415
1199	3416
1200	1279
1201	1044
1202	1042
1203	8709
1204	8743
1205	1216
1206	3177
1207	3185
1208	3176
1209	3412
1210	1230
1211	8739
1212	8778
1213	8779
1214	8790
1215	8780
1216	1184
1217	1112
1218	1037
1219	8741
1220	1288
1221	1039
1222	8734
1223	8624
1224	8625
1225	1227
1226	1058
1227	3123
1228	1286
1229	3153
1230	8740
1231	8710
1232	8746
1233	8747
1234	8791
1235	3166
1236	3405
1237	1115
1238	1606
1239	1609
1240	1038
1241	3156
1242	3184
1243	8789
1244	3159
1245	3164
1246	3414
1247	8476
1248	1031
1249	1119
1250	1610
1251	1287
1252	1160
1253	1117
1254	8799
1255	8843
1256	1228
1257	8800
1258	1220
1259	1218
1260	3407
1261	1292
1323	3417
1263	1127
1264	3140
1265	1155
1266	1120
1267	8748
1268	8753
1269	8752
1270	8742
1271	1032
1272	1110
1273	1219
1274	1214
1275	1215
1276	3186
1277	3396
1278	8745
1279	8614
1280	8785
1281	3397
1282	1019
1283	3132
1284	3145
1285	3143
1286	8629
1287	8615
1288	1156
1289	3188
1290	1294
1291	3189
1292	8447
1293	1020
1294	1176
1295	1177
1296	8751
1297	1126
1298	8445
1299	3413
1300	8481
1301	8787
1302	1129
1303	8475
1304	8464
1305	1180
1306	1158
1307	1157
1308	1604
1309	1131
1310	8450
1311	8801
1312	8814
1313	8849
1314	8850
1315	1128
1316	1026
1317	3160
1318	1024
1319	3161
1320	8781
1321	1313
1322	3133
1324	8847
1325	8855
1326	1296
1327	1152
1328	3162
1329	8465
1330	1298
1331	1293
1332	1148
1333	1145
1334	1300
1335	1318
1336	1146
1337	8438
1338	8611
1339	8612
1340	3420
1341	8448
1342	8441
1343	3410
1344	8810
1345	1302
1346	1303
1347	8484
1348	8497
1349	8467
1350	3399
1351	3406
1352	1134
1353	3391
1354	8482
1355	8782
1356	1018
1357	8431
1358	8854
1359	1315
1360	1159
1361	1141
1362	1022
1363	1309
1364	1017
1365	1132
1366	1592
1367	8440
1368	8783
1369	8811
1370	1023
1371	1133
1372	1317
1373	1138
1374	8435
1375	8607
1376	1014
1377	1007
1378	8498
1379	1301
1380	1310
1381	8449
1382	1009
1383	3195
1384	8473
1385	1153
1386	1150
1387	1322
1388	8606
1389	1321
1390	1149
1391	8609
1392	8454
1393	8485
1394	8486
1395	3421
1396	3400
1397	8848
1398	1140
1399	1597
1400	1598
1401	1147
1402	1142
1403	8424
1404	8423
1405	3187
1406	3211
1407	3388
1408	1387
1409	1581
1410	8815
1411	1319
1412	3213
1413	8808
1414	8816
1415	8832
1416	8838
1417	3194
1418	3199
1419	3196
1420	1600
1421	3200
1422	8452
1423	1584
1424	3390
1425	8474
1426	8490
1427	8494
1428	8499
1429	8434
1430	8453
1431	8437
1432	8430
1433	8432
1434	1316
1435	1332
1436	1323
1437	3422
1438	3448
1439	3203
1440	1003
1441	3215
1442	3379
1443	3381
1444	8487
1445	1312
1446	1386
1447	8809
1448	8831
1449	1325
1450	3212
1451	8836
1452	8859
1453	1334
1454	8455
1455	1331
1456	1326
1457	3222
1458	8501
1459	3206
1460	3403
1461	3394
1462	3456
1463	3457
1464	1304
1465	3197
1466	3221
1467	1338
1468	1311
1469	3441
1470	3450
1471	1339
1472	8503
1473	1348
1474	994
1475	8500
1476	3204
1477	3404
1478	1327
1479	3458
1480	8507
1481	8803
1482	3205
1483	8491
1484	8419
1485	1382
1486	991
1487	990
1488	3435
1489	8532
1490	1000
1491	3423
1492	8492
1493	8513
1494	8514
1495	8835
1496	1329
1497	8807
1498	8861
1499	8858
1500	1349
1501	3451
1502	8834
1503	1379
1504	8862
1505	8879
1506	8897
1507	1305
1508	8900
1509	3372
1510	3385
1511	1375
1512	1377
1513	3217
1514	3219
1515	1343
1516	3373
1517	8414
1518	1590
1519	995
1520	3459
1521	1588
1522	1589
1523	8418
1524	1385
1525	3230
1526	3374
1527	1353
1528	1392
1529	8502
1530	8885
1531	1388
1532	3440
1533	8515
1534	1395
1535	989
1536	3224
1537	3371
1538	8886
1539	1350
1540	1360
1541	1384
1542	3464
1543	8522
1544	3368
1545	8880
1546	3229
1547	3466
1548	8875
1549	8876
1550	3227
1551	3361
1552	1354
1553	3370
1554	8523
1555	8524
1556	1371
1557	8531
1558	8882
1559	3231
1560	8506
1561	8804
1562	1361
1563	1381
1564	1587
1565	986
1566	8806
1567	8909
1568	1396
1569	1391
1570	3527
1571	8413
1572	1390
1573	3232
1574	3249
1638	3528
1576	8525
1577	8518
1578	987
1579	8508
1580	8511
1581	8602
1582	8819
1583	8899
1584	1362
1585	1373
1586	1355
1587	8533
1588	1363
1589	3235
1590	3362
1591	8538
1643	3452
1593	3424
1594	3439
1595	8510
1596	8820
1597	8826
1598	8411
1599	1579
1600	8901
1601	8912
1602	1366
1603	1368
1604	1397
1605	8526
1606	8540
1607	8407
1608	8536
1609	3462
1610	8825
1611	1407
1612	3468
1613	1406
1614	8535
1615	8604
1616	1410
1617	1389
1618	3469
1619	984
1620	8877
1621	1370
1622	3241
1623	985
1624	8517
1625	1372
1626	1402
1627	1403
1628	8543
1629	8542
1630	8865
1631	8409
1632	3250
1633	3253
1634	3366
1635	3367
1636	8547
1637	3357
1639	1398
1640	3359
1641	3453
1642	1577
1644	3505
1645	8404
1646	8890
1647	3259
1648	3363
1649	3471
1650	3530
1651	8571
1652	8823
1653	8878
1654	3347
1655	1571
1656	3239
1657	3245
1658	3506
1659	8544
1660	8873
1661	1405
1662	1566
1663	3265
1664	3267
1665	8562
1666	975
1667	3252
1668	3346
1669	3443
1670	8874
1671	1573
1672	1569
1732	8548
1674	8600
1675	1369
1676	1411
1677	8549
1678	8824
1679	1422
1680	1423
1681	3257
1682	3531
1683	8868
1684	3332
1685	3331
1686	3428
1687	3474
1688	3355
1689	3243
1690	3348
1691	8866
1692	960
1693	961
1694	8891
1695	1461
1696	1401
1697	1459
1698	3260
1699	3258
1700	8603
1701	3262
1702	8399
1703	8913
1704	1420
1705	8917
1706	3473
1707	1576
1708	3507
1709	8907
1710	3269
1711	8822
1712	3476
1713	3475
1714	8818
1715	8821
1716	8398
1717	3472
1718	8598
1719	1575
1720	8561
1721	8570
1722	8574
1723	8916
1724	1458
1725	8568
1726	8583
1727	8870
1728	8903
1729	8921
1730	1419
1731	959
1733	8905
1734	1416
1735	3268
1736	3479
1737	8578
1738	8906
1739	962
1740	3534
1741	3533
1742	8564
1743	8923
1744	3508
1745	3517
1746	3520
1747	1421
1748	3271
1749	966
1750	3539
1751	3538
1752	3324
1753	8342
1754	8345
1755	1414
1756	8892
1757	3350
1758	8590
1762	3273
1760	3499
1761	8887
1763	3522
1764	8599
1765	8353
1766	3326
1767	3272
1768	8595
1769	8894
1770	8569
1771	8592
1772	3500
1773	1562
1774	1462
1775	3336
1776	1430
1777	1432
1778	3343
1779	8893
1780	1456
1781	8928
1782	1426
1783	1417
1784	3477
1785	8930
1786	8918
1787	3496
1788	3540
1789	3541
1790	8354
1791	8346
1792	3338
1793	3480
1794	3509
1795	3521
1796	944
1797	946
1798	968
1799	8888
1800	1425
1801	1457
1802	3536
1803	8362
1804	1431
1805	1451
1806	3340
1807	3537
1808	8355
1809	8895
1810	1433
1811	1435
1812	3546
1813	3543
1814	8580
1815	1565
1816	8576
1817	8579
1818	8889
1819	8924
1820	8927
1821	1561
1822	1466
1823	1564
1824	949
1825	3497
1826	8936
1827	950
1828	941
1829	933
1830	8338
1831	1468
1832	3494
1833	3751
1834	8340
1835	8397
1836	934
1837	3788
1838	7847
1839	8334
1840	3514
1841	8350
1842	1555
1843	3491
1844	3333
1845	3488
1846	1454
1847	943
1848	948
1849	3515
1850	3750
1851	3327
1852	3551
1853	3743
1854	8594
1855	8363
1856	3282
1857	935
1858	3561
1859	7853
1860	8920
1861	939
1862	3328
1863	3552
1864	3281
1865	938
1866	3503
1867	3564
1868	8373
1869	1479
1870	1470
1871	3293
1872	3294
1873	8374
1874	1480
1875	3502
1876	3565
1877	7844
1878	8351
1879	3595
1880	3486
1881	8366
1882	8371
1883	8367
1884	8369
1885	1552
1886	3329
1887	8335
1888	1471
1889	1472
1890	1474
1891	3495
1892	3573
1893	7843
1894	1455
1895	3284
1896	3489
1897	8336
1898	8934
1899	1437
1900	3587
1901	3575
1902	3557
1903	3558
1904	3591
1905	8937
1906	8926
1907	3286
1908	3588
1909	7841
1910	1442
1911	1453
1912	8577
1913	8591
1914	7937
1915	8932
1916	3574
1917	7848
1918	8303
1919	8302
1920	8337
1921	3287
1922	8939
1923	1557
1924	3744
1925	3556
1926	3737
1927	7850
1928	7859
1929	8348
1930	8341
1931	8944
1932	3589
1933	3566
1934	3740
1935	8278
1936	8275
1937	8375
1938	8378
1939	8389
1940	8940
1941	8946
1942	1449
1943	931
1944	930
1945	3567
1946	7936
1947	7860
1948	3569
1949	8328
1950	1444
1951	3745
1952	8377
1953	8368
1954	8957
1955	3295
1956	929
1957	1478
1958	1481
1959	3584
1960	1546
1961	1446
1962	3579
1963	3577
1964	3582
1965	8953
1966	8352
1967	8386
1968	3572
1969	8943
1970	1452
1971	3746
1972	8325
1973	8947
1974	8949
1975	1491
1976	1483
1977	7864
1978	8959
1979	8960
1980	1550
1981	3583
1982	8380
1983	8329
1984	8962
1985	3787
1986	8382
1987	8314
1988	7851
1989	1448
1990	8300
1991	8387
1992	1490
1993	925
1994	3311
1995	3592
1996	1492
1997	1482
1998	3298
1999	8305
2000	8968
2001	7861
2002	1487
2061	8965
2004	3594
2005	3563
2006	3728
2007	7866
2008	3302
2009	3602
2010	3752
2011	8315
2012	8324
2013	3736
2014	7842
2015	8306
2016	3793
2017	3792
2018	8323
2019	3581
2020	3735
2021	3571
2022	3742
2023	7838
2024	8961
2025	3310
2026	3600
2027	7939
2028	7943
2029	8383
2030	8385
2031	3303
2032	1548
2033	924
2069	7935
2035	919
2036	3727
2037	3739
2038	7863
2039	3297
2040	8384
2041	1541
2042	3305
2322	3720
2044	3791
2045	8261
2046	1501
2047	7839
2048	8260
2049	8262
2050	922
2051	3593
2052	8318
2053	3590
2054	3611
2055	3717
2056	8293
2057	8279
2058	8316
2059	8317
2060	3586
2062	1495
2063	1488
2064	1544
2065	3603
2066	7942
2067	1498
2068	3606
2070	41
2071	7865
2072	8276
2073	3612
2074	840
2075	3314
2076	3695
2077	8966
2078	3789
2079	8967
2080	3616
2081	3615
2082	8299
2083	8296
2084	8954
2085	3308
2086	3734
2087	3798
2088	8307
2089	8321
2090	8320
2091	8955
2092	1447
2093	841
2094	3318
2095	3607
2096	3794
2097	8298
2098	1489
2099	1543
2100	851
2101	3694
2102	853
2103	3304
2104	3614
2105	3682
2106	3578
2107	8246
2108	8997
2109	1497
2110	3680
2111	3754
2112	3783
2113	7931
2114	7867
2115	1508
2116	3790
2117	8012
2118	7858
2119	7877
2120	8270
2121	8987
2122	1500
2123	3697
2124	8988
2125	8994
2126	7933
2127	7855
2128	8264
2129	8319
2130	8265
2131	3608
2132	8271
2133	1514
2134	3312
2135	3316
2136	3686
2137	8249
2138	1499
2139	855
2140	1504
2141	857
2142	3719
2143	3709
2144	8013
2145	8294
2146	8247
2147	827
2148	842
2149	1503
2150	3696
2151	3756
2152	7873
2153	7856
2154	843
2155	3729
2156	3755
2157	7840
2158	7923
2159	8985
2160	837
2161	3618
2162	7835
2163	7832
2164	3799
2165	8019
2166	7934
2167	7929
2168	45
2169	8020
2170	7928
2171	3757
2172	3758
2173	3786
2174	7920
2175	8956
2176	8977
2177	3785
2178	3771
2179	7966
2180	8978
2181	3684
2182	7836
2183	7875
2184	3620
2185	7876
2186	8971
2187	854
2188	900
2189	1517
2190	3672
2191	7837
2192	8312
2193	1516
2194	8311
2195	3621
2196	910
2197	3721
2198	7924
2199	889
2200	3730
2201	3723
2202	8015
2203	1515
2204	828
2205	820
2206	888
2207	3317
2208	7879
2209	901
2210	8017
2211	7888
2212	8268
2213	848
2214	7970
2215	7921
2216	7922
2217	8255
2218	8028
2219	8287
2220	1512
2221	808
2222	898
2223	899
2224	897
2225	8280
2226	809
2227	7961
2228	8277
2229	1511
2230	7926
2231	7913
2232	8288
2233	8972
2234	1509
2235	3800
2236	8290
2237	829
2238	8286
2239	902
2240	3625
2241	3624
2242	7737
2243	8990
2244	3708
2245	3802
2246	8018
2247	7891
2248	8243
2249	8024
2250	8251
2251	8991
2252	3699
2253	8291
2254	830
2255	3632
2256	3631
2257	8253
2258	3764
2259	3804
2260	7988
2261	7989
2262	7857
2263	844
2264	3674
2265	3772
2266	3773
2267	3778
2268	7880
2269	8999
2270	1524
2271	3801
2272	8974
2273	1522
2274	1519
2275	3668
2276	7898
2277	7739
2278	8239
2279	8979
2280	8272
2281	8266
2282	9010
2283	8986
2284	3636
2285	3638
2286	8281
2287	8256
2288	8975
2289	3670
2290	8011
2291	9002
2292	859
2293	3691
2294	8238
2295	8981
2296	9009
2297	9006
2298	9007
2299	1520
2300	7990
2301	8257
2302	1525
2303	861
2304	42
2305	8284
2306	3660
2307	3700
2308	8267
2309	8259
2310	8252
2311	845
2312	3761
2313	8282
2314	8976
2315	831
2316	3805
2317	7997
2318	8285
2319	9001
2320	9205
2321	3710
2323	1526
2324	832
2325	846
2326	3705
2327	3759
2328	3807
2329	3808
2330	7982
2331	872
2332	3642
2333	3628
2334	896
2335	3712
2336	7881
2337	1527
2338	3666
2339	3685
2340	3809
2341	7882
2342	7897
2343	9204
2344	9197
2345	9201
2346	833
2347	822
2348	3662
2349	3643
2350	3667
2351	3677
2352	7915
2353	7870
2354	3646
2355	3711
2356	7914
2357	7740
2358	7899
2359	8292
2360	1528
2361	1523
2362	3765
2363	7827
2364	9012
2365	890
2366	3760
2367	3762
2368	3814
2369	3816
2370	9011
2371	1531
2372	3665
2373	3828
2374	8230
2375	9043
2376	1539
2377	3627
2378	3702
2379	9044
2380	7900
2381	864
2382	863
2383	866
2384	3766
2385	7919
2386	7887
2387	9004
2388	7947
2389	9016
2390	9207
2391	9072
2392	1534
2393	7998
2394	9008
2395	1535
2396	3703
2397	3689
2398	8068
2399	7741
2400	7724
2401	870
2410	8070
2403	7911
2404	3688
2405	8002
2406	9056
2407	869
2408	7999
2409	7828
2411	8045
2412	7983
2413	8283
2414	8000
2415	7894
2416	893
2417	3959
2418	8031
2419	7725
2420	9063
2421	1538
2422	858
2423	708
2424	709
2425	865
2426	3629
2427	3678
2428	3810
2429	7962
2430	7912
2431	7948
2432	7731
2433	8231
2434	9057
2435	3818
2436	3815
2437	823
2438	812
2439	3679
2440	7971
2441	7973
2442	7790
2443	9017
2444	9064
2445	9070
2446	874
2447	815
2448	7767
2449	7732
2450	7768
2451	7730
2452	3956
2453	3821
2454	3823
2455	9013
2456	8228
2457	9046
2458	707
2459	871
2460	873
2461	811
2462	806
2463	9060
2464	1537
2465	8073
2466	8072
2467	7792
2468	8229
2469	9051
2470	3827
2471	3813
2472	5158
2473	7795
2474	7884
2475	7765
2476	879
2477	816
2478	3640
2479	3704
2480	9018
2481	7728
2482	9022
2483	701
2484	867
2485	803
2486	9015
2487	702
2488	800
2489	3955
2490	3647
2491	5157
2492	8033
2493	880
2494	3950
2495	9021
2496	3675
2497	3829
2498	3812
2499	8039
2500	8035
2501	9024
2502	8094
2503	9212
2504	9200
2505	3676
2506	7902
2507	9014
2508	3954
2509	3940
2510	3943
2511	3836
2512	8097
2513	8117
2514	9208
2515	9076
2516	9193
2517	685
2518	690
2519	9073
2520	9023
2521	710
2522	877
2523	3655
2524	3826
2525	7950
2526	7951
2527	703
2528	3656
2529	5154
2530	7771
2531	799
2532	8041
2533	8040
2534	7733
2535	7718
2536	805
2537	3842
2538	875
2539	8107
2540	7794
2541	7729
2542	804
2543	3840
2544	3843
2545	8036
2546	7893
2547	9071
2548	3837
2549	3830
2550	8111
2551	9052
2552	686
2553	3833
2554	711
2555	881
2556	7769
2557	3838
2558	7819
2559	7818
2560	8124
2561	8126
2562	9211
2563	9214
2564	884
2565	3825
2566	3870
2567	8129
2568	8131
2569	8099
2570	7772
2571	9030
2572	8225
2573	3844
2574	9025
2575	5160
2576	7904
2577	3964
2578	8067
2579	8109
2580	8110
2581	7734
2582	7712
2583	3820
2584	9048
2585	795
2586	5161
2587	8063
2588	7781
2589	7756
2590	7793
2591	7719
2592	3817
2593	5162
2594	7797
2595	7749
2596	3961
2597	8104
2598	9034
2599	9036
2600	797
2601	3881
2602	3879
2603	8064
2604	9055
2605	796
2606	781
2607	882
2608	8044
2609	802
2610	7780
2611	9027
2612	3831
2613	8059
2614	9075
2615	7708
2616	9026
2617	789
2618	790
2619	3977
2620	3878
2621	3985
2622	5143
2623	5159
2624	3986
2625	3976
2626	3641
2627	8043
2628	8118
2629	7815
2630	780
2631	3871
2632	3872
2633	8102
2634	7786
2635	7717
2636	9065
2637	9078
2638	9181
2639	9192
2640	7785
2641	7764
2642	7766
2643	9066
2644	3877
2645	8226
2646	9069
2647	9079
2648	9190
2649	704
2650	3952
2651	3841
2652	9105
2653	9179
2654	9191
2655	3839
2656	3845
2657	7763
2658	7710
2659	883
2660	648
2661	8038
2662	7905
2663	7762
2664	705
2665	8138
2666	7704
2667	697
2668	8122
2669	8221
2670	8227
2671	696
2672	7700
2673	9053
2674	8101
2675	8089
2676	7701
2677	7695
2678	7689
2679	7694
2680	687
2681	8139
2682	651
2683	783
2684	641
2685	5151
2686	3975
2687	9081
2688	9100
2689	9104
2690	9215
2691	715
2692	5146
2693	8090
2694	5163
2695	8052
2696	7748
2697	9082
2698	3987
2699	787
2700	3971
2701	9086
2796	5141
2703	8120
2704	785
2705	8149
2706	7804
2707	654
2708	8136
2709	8137
2710	3848
2711	3865
2712	3866
2713	9097
2714	8140
2715	8147
2716	7773
2717	3882
2718	7702
2719	9188
2720	9186
2721	714
2722	4781
2723	8141
2724	8214
2725	8086
2726	8144
2727	7806
2728	3939
2729	8078
2730	8080
2731	9180
2732	689
2733	658
2734	657
2735	8057
2736	8062
2737	7787
2738	3973
2739	9172
2740	8215
2741	3884
2742	8132
2743	9085
2744	677
2745	678
2746	3852
2747	5144
2748	8077
2749	640
2750	3850
2751	3921
2752	4791
2753	8074
2754	8128
2755	4782
2756	8142
2757	9187
2758	716
2759	3883
2760	4783
2761	3989
2762	3995
2763	3992
2764	3653
2765	3651
2766	3936
2767	3888
2768	4790
2769	7776
2770	9106
2771	8173
2772	8176
2773	7777
2774	7742
2775	7745
2776	7711
2777	7713
2778	9173
2779	718
2780	3990
2781	8178
2782	7774
2783	7714
2784	692
2785	5147
2786	5169
2787	8076
2788	5178
2789	8143
2790	7807
2791	7757
2792	8182
2793	8154
2800	8216
2795	7753
2797	8162
2798	7754
2799	7686
2801	717
2802	775
2803	3922
2804	4792
2805	8145
2806	7744
2807	8187
2808	8217
2809	9095
2810	681
2811	5171
2812	4795
2813	8161
2814	8212
2815	9107
2816	3849
2817	3886
2818	7706
2819	7703
2820	772
2821	3857
2822	3919
2823	3918
2824	8193
2825	637
2826	8098
2827	8170
2828	3994
2829	8166
2830	4001
2831	4002
2832	3854
2833	3887
2834	4009
2835	3924
2836	7697
2837	9098
2838	720
2839	9099
2840	3938
2841	3934
2842	3923
2843	4798
2844	8163
2845	7698
2846	9176
2847	9175
2848	9216
2849	8194
2850	7683
2851	638
2852	5136
2853	7687
2854	9096
2855	9169
2856	4785
2857	4775
2858	7690
2859	9170
2860	722
2861	5115
2862	5116
2863	8085
2864	8202
2865	5227
2866	8081
2867	8186
2868	7688
2869	9164
2870	639
2871	5137
2872	5133
2873	5177
2874	4777
2875	9219
2876	4010
2877	4008
2878	3937
2879	5132
2880	643
2881	3942
2882	3890
2883	9163
2884	721
2885	3853
2886	5180
2887	5226
2888	8082
2889	4794
2890	8150
2891	8180
2892	9110
2893	9217
2894	644
2895	3891
2896	3895
2897	9109
2898	9155
2899	3920
2900	3930
2901	4799
2902	9091
2903	661
2904	9114
2905	636
2906	3926
2907	4958
2908	7659
2909	7658
2910	3998
2911	3997
2992	3927
2913	631
2914	5111
2915	4004
2916	633
2917	3996
2918	4022
2919	4802
2920	4780
2921	8174
2922	7660
2923	680
2924	5134
2925	5165
2926	7705
2927	4011
2928	5166
2929	5249
2930	9113
2931	9157
2932	9160
2933	4024
2934	4955
2935	7667
2936	671
2937	3944
2938	8190
2939	9108
2940	9221
2941	668
2942	666
2943	3948
2944	4765
2945	4755
2946	4756
2947	8164
2948	9159
2949	670
2950	4006
2951	4012
2952	4750
2953	4752
2954	9149
2955	9156
2956	5228
2957	4949
2958	8196
2959	8197
2960	3929
2961	5225
2962	8191
2963	4640
2964	7656
2965	9145
2966	8167
2967	8168
2968	5250
2969	8188
2970	4662
2971	7665
2972	4656
2973	4657
2974	4651
2975	4652
2976	4029
2977	4031
2978	5258
2979	8185
2980	9222
2981	4689
2982	4025
2983	634
2984	3946
2985	5257
2986	4766
2987	7662
2988	9224
2989	665
2990	662
2991	663
2993	3928
2994	5112
2995	5221
2996	5097
2997	4688
2998	8179
2999	9150
3000	4770
3001	4659
3002	629
3003	7646
3004	7633
3005	3861
3006	3862
3007	3856
3008	3863
3009	4812
3010	7668
3011	7645
3012	9153
3013	630
3014	5233
3015	5244
3016	4769
3017	8175
3018	4625
3019	9146
3020	7631
3021	5117
3022	4753
3023	4641
3024	4629
3025	9154
3026	4767
3027	4028
3028	5230
3029	4702
3030	8200
3031	660
3032	664
3033	5119
3034	5234
3035	4772
3036	4774
3037	8198
3038	672
3039	3894
3040	4686
3041	9123
3042	4703
3043	4685
3044	3901
3045	5106
3046	7666
3047	9116
3048	674
3049	675
3050	4016
3051	5123
3052	4951
3053	4644
3054	4017
3055	4014
3056	3949
3057	4074
3058	4814
3059	4708
3060	4830
3061	9226
3062	9227
3063	9236
3064	9237
3065	3897
3066	5231
3067	9152
3068	9151
3069	4018
3070	3933
3071	3907
3072	3911
3073	4803
3074	4690
3075	9122
3076	673
3077	4026
3078	4076
3079	3860
3080	3864
3081	3935
3082	3900
3083	4945
3084	7649
3085	5271
3086	5332
3087	4947
3088	4940
3089	4805
3090	4032
3091	7635
3092	4941
3093	4927
3094	4976
3095	9128
3096	4035
3271	3905
3098	9134
3099	9136
3100	4807
3101	9147
3102	5124
3103	5182
3104	4773
3105	3914
3106	3912
3107	4974
3108	4661
3109	4642
3110	727
3111	620
3112	5122
3113	5183
3114	5094
3115	5220
3116	4811
3117	4675
3118	4667
3119	4678
3120	9124
3121	9231
3122	5278
3123	4677
3124	4627
3125	9126
3126	723
3127	5125
3128	5246
3129	4618
3130	4607
3131	3910
3132	4620
3133	4612
3134	4019
3135	622
3136	730
3137	732
3138	4036
3139	4077
3140	5187
3141	4745
3142	5091
3143	4829
3144	4643
3145	7641
3146	4747
3147	4665
3148	600
3149	602
3150	9141
3151	726
3152	724
3153	4063
3154	4071
3155	5242
3156	9129
3157	5126
3158	9238
3159	7636
3160	5217
3161	4653
3162	614
3163	5337
3164	4804
3165	4628
3166	9135
3167	4033
3168	4942
3169	5219
3170	5268
3171	9131
3172	7628
3173	5188
3174	5190
3175	4926
3176	7618
3177	7620
3178	7627
3179	736
3180	4038
3181	4065
3182	5088
3183	9140
3184	9228
3185	5280
3186	9241
3187	4041
3188	4637
3189	599
3190	4073
3191	4078
3192	5079
3193	4679
3194	4705
3195	4034
3196	4040
3197	4043
3198	5086
3199	4825
3200	4668
3201	4609
3202	4082
3203	3858
3204	5333
3205	4959
3206	4740
3207	738
3208	596
3209	5189
3210	4970
3211	4181
3212	3932
3213	9243
3214	4809
3215	9233
3216	4079
3217	5272
3218	9242
3219	4960
3220	5338
3221	4819
3222	4608
3223	7619
3224	7621
3225	4183
3226	5192
3227	5216
3228	5211
3229	7610
3230	603
3231	608
3232	594
3233	4827
3234	9139
3235	735
3236	725
3237	4049
3238	5334
3239	4742
3240	9138
3241	4050
3242	4969
3243	4921
3244	4681
3245	9229
3246	591
3247	5269
3248	4923
3249	4975
3250	7623
3251	9230
3252	4084
3253	5078
3254	740
3255	611
3256	4088
3257	593
3258	5076
3259	4731
3260	4709
3261	4671
3262	741
3263	4180
3264	5196
3265	5195
3266	4706
3267	7625
3268	739
3269	605
3270	3904
3272	4669
3273	7603
3274	4046
3275	5339
3276	9244
3277	590
3278	4085
3279	3898
3280	4735
3281	4694
3282	5198
3283	5273
3284	5067
3285	4828
3286	9261
3287	744
3288	5212
3289	4977
3290	4915
3291	4732
3292	4717
3293	4693
3294	4670
3295	9130
3296	5341
3297	4610
3298	5081
3299	5069
3300	4086
3301	5343
3302	4968
3303	4736
3304	7624
3305	4066
3306	4192
3307	4716
3308	5902
3309	5213
3310	745
3311	4053
3312	5197
3313	5201
3314	5068
3315	4691
3316	4672
3317	4673
3318	4058
3319	4068
3320	5080
3321	9263
3322	5286
3323	5285
3324	5020
3325	4611
3326	7605
3327	7607
3328	7598
3329	7596
3330	742
3331	747
3332	5003
3333	4824
3334	4733
3335	4186
3336	4191
3337	5270
3338	4978
3339	5005
3340	748
3341	4195
3342	3906
3343	4882
3344	4857
3345	4737
3346	9255
3347	610
3348	4069
3349	4616
3350	4868
3351	4860
3352	4858
3353	583
3354	4847
3355	7609
3356	4904
3357	4895
3358	4603
3359	4601
3360	4047
3361	4175
3362	4184
3363	4597
3364	751
3365	5071
3366	4739
3367	7608
3368	9251
3369	4185
3370	5299
3371	5046
3372	4979
3373	9249
3374	9252
3375	4095
3376	4093
3377	5008
3378	765
3379	5300
3380	5291
3381	5329
3382	5344
3383	4884
3384	4725
3385	4695
3386	5289
3387	4692
3388	5288
3389	5907
3390	609
3391	585
3392	4057
3393	4176
3394	5200
3395	4844
3396	576
3397	5070
3398	4711
3399	4599
3400	4193
3401	4980
3402	4859
3403	746
3404	577
3405	4902
3406	4896
3407	4894
3408	4885
3409	770
3410	4096
3411	5007
3412	4846
3413	4836
3414	4697
3415	7600
3416	7592
3417	750
3418	5284
3419	7594
3420	5898
3421	7591
3422	579
3423	4067
3424	4189
3425	4720
3426	5896
3435	5900
3428	572
3429	573
3430	4062
3431	4177
3432	4594
3433	7599
3434	4190
3436	5295
3437	5018
3438	5030
3439	4991
3440	5957
3441	7587
3442	4901
3443	9257
3444	753
3445	4089
3446	5066
3447	4987
3448	4187
3449	9259
3450	9264
3451	759
3452	5330
3453	9256
3454	5060
3455	5056
3456	5045
3457	4724
3458	4730
3459	5901
3460	5964
3461	5971
3462	4061
3463	4059
3464	4097
3465	4866
3466	9253
3467	4091
3468	5031
3469	9260
3470	9267
3471	9265
3472	9266
3473	761
3474	5331
3475	5048
3476	5889
3477	758
3478	4197
3644	5034
3480	4988
3481	5906
3482	4600
3483	5973
3484	4595
3485	7595
3486	5290
3487	5035
3488	4839
3489	9246
3490	566
3491	4100
3492	564
3493	5307
3494	5292
3495	4584
3496	9247
3497	763
3498	5297
3499	4615
3500	9248
3501	9254
3502	568
3503	5953
3504	5954
3505	9245
3506	4892
3507	4837
3508	4838
3509	4586
3510	768
3511	4887
3512	5956
3513	7589
3514	4126
3515	4098
3516	4171
3517	5061
3518	5885
3519	4164
3520	4596
3521	567
3522	4172
3523	4178
3524	5974
3525	5305
3526	4883
3527	5313
3528	4862
3529	5975
3530	9288
3531	9297
3532	5032
3533	5977
3534	9296
3535	5322
3536	4849
3537	9290
3538	5870
3539	5878
3540	5970
3541	760
3542	4179
3543	7590
3544	5346
3545	4113
3546	4106
3547	5347
3548	5051
3549	5891
3550	5905
3551	7582
3552	562
3553	5321
3554	4872
3555	4864
3556	5853
3557	4889
3558	5912
3559	5917
3560	7578
3561	4130
3562	5772
3563	4878
3564	5910
3565	4101
3566	5326
3567	4993
3568	5852
3569	5958
3570	9269
3571	9289
3627	4196
3573	4578
3574	4588
3575	9270
3576	6011
3577	4591
3578	563
3579	4114
3580	5317
3581	4989
3582	5771
3583	4119
3584	5784
3585	4173
3586	5919
3587	5319
3588	5013
3589	5985
3590	4110
3591	4111
3592	5324
3593	5736
3594	5768
3595	5356
3596	5043
3597	5765
3598	5887
3599	5982
3600	4118
3601	5769
3602	5778
3603	5914
3604	6013
3605	7586
3606	4198
3607	5021
3608	5775
3609	5890
3610	558
3611	560
3612	4104
3613	5014
3614	5955
3615	5969
3616	9298
3617	762
3618	516
3619	518
3620	5850
3621	5981
3622	520
3623	5882
3624	5962
3625	5022
3626	5842
3628	5360
3629	5733
3630	9299
3631	522
3632	4125
3633	4124
3634	4166
3635	4167
3636	5040
3637	5773
3638	5983
3639	5036
3640	5774
3641	5868
3642	5876
3643	4168
3645	5303
3646	5963
3647	5355
3648	5359
3649	5986
3650	5987
3651	5357
3652	5968
3653	6009
3654	4165
3655	5367
3656	5867
3657	5980
3658	514
3659	9291
3660	4200
3661	4242
3662	5737
3663	5856
3664	5318
3665	5732
3666	5783
3667	4170
3668	4238
3669	5363
3670	5859
3671	5921
3672	7577
3673	4131
3674	4132
3675	5857
3676	5960
3677	7579
3678	9293
3679	5731
3680	5886
3681	9284
3682	5386
3683	5362
3684	9302
3685	4201
3686	5384
3687	5378
3688	4579
3689	509
3690	5426
3691	5918
3692	5931
3693	4592
3694	4583
3695	5304
3696	5428
3697	5760
3698	5766
3699	5782
3700	5860
3701	4573
3702	6012
3703	6023
3704	5743
3705	4136
3706	555
3707	556
3708	5358
3709	5373
3710	6015
3711	9294
3712	4203
3713	4157
3714	4160
3715	5430
3716	5740
3717	6002
3718	9271
3719	5989
3720	9272
3721	5742
3722	9301
3723	6016
3724	9285
3725	7574
3726	5320
3727	5865
3728	5920
3729	515
3730	6008
3731	6014
3732	505
3733	5388
3734	5770
3735	5793
3736	5875
3737	6122
3738	9286
3739	546
3740	538
3741	5439
3742	5866
3743	5409
3744	7575
3745	4219
3746	4224
3747	5993
3748	5990
3749	6125
3750	5991
3751	4226
3752	5389
3753	5723
3754	5994
3755	7573
3756	4213
3757	6130
3758	532
3759	5926
3760	534
3761	4204
3762	4225
3763	4121
3764	4123
3765	5392
3766	5730
3767	5848
3768	5927
3769	549
3770	503
3771	531
3772	5863
3773	6131
3774	6000
3775	4574
3776	506
3777	5862
3778	6020
3779	6021
3780	9303
3781	5794
3782	6007
3783	5429
3784	5412
3785	510
3786	5924
3787	6019
3788	4215
3789	5763
3790	6018
3791	4143
3792	5423
3793	5440
3794	5425
3795	6005
3796	5849
3797	9305
3798	5674
3799	5380
3800	9307
3801	491
3802	5999
3803	5930
3804	5997
3805	6025
3806	557
3807	4239
3808	5795
3809	5998
3810	4208
3811	4233
3812	4240
3813	6133
3831	4576
3815	5393
3816	5790
3817	9282
3818	9283
3819	504
3820	550
3821	4161
3822	4227
3823	5785
3824	5838
3825	5929
3826	6140
3827	6141
3828	4154
3829	4220
3830	5762
3832	4145
3833	4243
3834	5846
3835	552
3836	4230
3837	4231
3838	5405
3839	5397
3840	5398
3841	5932
3842	543
3843	4139
3844	4163
3845	4245
3846	5741
3847	6017
3848	4210
3849	4206
3850	4246
3851	5717
3852	4138
3853	6028
3854	4223
3855	5396
3856	5400
3857	6004
3858	6072
3859	6093
3860	6098
3861	4249
3862	5424
3863	5739
3864	6127
3865	6116
3866	6083
3867	6079
3868	6078
3869	6029
3870	9308
3871	5786
3872	6084
3873	6071
3874	6031
3875	6030
3876	5444
3877	5844
3878	6115
3879	6043
3880	4159
3881	5679
3882	6099
3883	6041
3884	5726
3885	5748
3886	5751
3887	6053
3888	4568
3889	5419
3890	5418
3891	5936
3892	6064
3893	6063
3894	6047
3895	6048
3896	6101
3897	6107
3898	490
3899	544
3900	554
3901	4217
3902	5434
3903	5928
3904	4218
3905	5435
3906	9309
3907	5445
3908	5744
3909	5948
3910	5709
3911	5827
3912	5941
3913	6151
3914	5832
3915	4570
3916	6035
3917	5810
3918	5944
3919	6143
3920	4147
3921	4153
4011	4211
3923	4256
3924	507
3925	539
3926	4149
3927	5721
3928	541
3929	5761
3930	5835
3931	5834
3932	5417
3933	5823
3934	9275
3935	5681
3936	7567
3937	4212
3938	5746
3939	5457
3940	5714
3941	5708
3942	5822
3943	5946
3944	6054
3945	6055
3946	4254
3947	5459
3948	5749
3949	5754
3950	9276
3951	4205
3952	4229
3953	5406
3954	5684
3955	5808
3956	5820
3957	492
3958	4207
3959	5812
3960	4252
3961	5451
3962	5698
3963	5813
3964	6148
3965	4156
3966	4248
3967	4510
3968	6119
3969	6108
3970	496
3971	4327
3972	494
3973	498
3974	5713
3975	5458
3976	6154
3977	4258
3978	5479
3979	5481
3980	4565
3981	4567
3982	6044
3983	6033
3984	542
3985	5487
3986	5692
3987	6474
3988	5688
3989	5756
3990	7566
3991	5507
3992	493
3993	477
3994	5460
3995	5689
3996	5757
3997	5456
3998	5837
3999	6186
4000	5829
4001	6138
4002	6050
4003	6473
4004	7568
4005	4515
4006	500
4007	4267
4008	4255
4009	66
4010	5947
4012	4260
4013	4247
4014	5464
4015	5716
4016	6171
4017	6469
4018	7571
4019	6170
4020	5482
4021	4296
4022	5686
4023	6104
4024	6056
4025	6057
4026	4294
4027	4295
4028	6109
4029	6049
4030	4501
4031	4272
4032	6153
4140	6167
4034	6110
4035	6087
4036	6067
4037	6465
4038	4496
4039	4285
4040	5509
4041	5817
4042	6163
4043	6412
4044	482
4045	4329
4046	4333
4047	4262
4048	6404
4049	4273
4050	5711
4051	6164
4052	6145
4053	4566
4054	4561
4055	478
4056	502
4057	5752
4058	6398
4059	4523
4060	5489
4061	5503
4062	6190
4063	6182
4064	6185
4065	6158
4066	6160
4067	6397
4068	6105
4069	6408
4070	6409
4071	499
4072	5704
4073	6157
4074	6471
4075	5492
4076	6202
4077	6156
4078	6456
4079	5691
4080	5828
4081	6459
4082	4298
4083	5541
4084	6204
4085	6200
4086	6195
4087	6192
4088	4500
4089	4505
4090	5495
4091	5548
4092	4498
4093	4286
4094	5511
4095	5707
4096	6463
4097	4301
4098	4299
4099	5818
4100	4332
4101	6482
4102	6475
4103	6215
4104	6181
4105	6216
4106	6205
4107	6470
4108	6480
4109	4520
4110	4268
4111	6207
4112	479
4113	4512
4114	5753
4115	6410
4116	6466
4117	5502
4118	5700
4119	6264
4120	4519
4121	4564
4122	4562
4123	4513
4124	4261
4125	6255
4126	6388
4127	6415
4128	6447
4129	4265
4130	5514
4131	6261
4132	6223
4133	6168
4297	6403
4135	4270
4136	5715
4137	6169
4138	6294
4139	6383
4141	6413
4142	4334
4143	6292
4144	6166
4145	473
4146	480
4147	4338
4148	5706
4149	4276
4150	4302
4151	5533
4152	5549
4153	6193
4154	6491
4155	6492
4156	6483
4157	5516
4158	5524
4159	6353
4160	5537
4161	5538
4162	6358
4163	4324
4164	4304
4165	5504
4166	5703
4167	6354
4168	6349
4169	6384
4170	6478
4171	4522
4172	5513
4173	6295
4174	6378
4175	4277
4176	5515
4177	6402
4178	6258
4179	6400
4180	4508
4181	4289
4182	5690
4183	6406
4184	6407
4185	6385
4186	6462
4187	4503
4188	5669
4189	6477
4190	4339
4191	4310
4192	5528
4193	5531
4194	6208
4195	6461
4196	6468
4197	4506
4198	4368
4199	4320
4200	6444
4201	6457
4202	6484
4203	4330
4204	5640
4205	6394
4206	6493
4207	6496
4208	6296
4209	6419
4210	4559
4211	4305
4212	5527
4213	6450
4214	6458
4215	476
4216	4340
4217	6486
4218	7564
4219	470
4220	4494
4221	4266
4222	4367
4223	4315
4224	7563
4225	4517
4270	4347
4227	4312
4228	5544
4229	6291
4230	5553
4231	5661
4232	5699
4233	6373
4234	6364
4235	6498
4236	6499
4237	6497
4238	471
4239	465
4240	5670
4241	5664
4242	6259
4243	6445
4244	6485
4245	6508
4246	4530
4247	4528
4248	4495
4249	4322
4250	6441
4251	6503
4252	472
4253	4349
4254	5565
4255	6425
4256	6437
4257	6440
4258	5660
4259	6285
4260	5659
4261	6224
4262	4319
4263	6381
4264	5560
4265	6283
4266	4303
4267	5657
4268	4524
4269	460
4271	4350
4272	5563
4273	5578
4274	5567
4275	464
4276	4311
4277	5641
4278	6377
4279	6432
4280	6494
4281	4323
4282	5561
4283	6427
4284	4369
4285	5647
4286	6278
4287	6487
4288	6489
4289	4527
4290	4309
4291	5569
4292	5574
4293	5584
4294	6225
4295	6460
4296	6500
4298	5653
4299	7412
4300	6501
4301	6495
4302	6507
4303	4556
4304	4318
4305	4351
4306	4361
4307	4357
4308	4366
4309	6273
4310	6342
4311	6214
4312	4352
4313	4314
4314	4560
4315	4558
4316	4371
4317	5589
4318	6268
4319	6363
4320	4365
4321	7033
4322	6288
4323	6375
4324	4358
4325	5573
4326	6236
4327	6239
4328	6393
4329	6429
4330	4364
4331	6401
4332	7419
4333	4356
4334	6605
4335	5594
4336	6892
4337	4553
4338	4370
4339	6669
4340	6389
4341	6670
4342	7421
4343	6545
4344	461
4345	7031
4346	6391
4347	6505
4348	7525
4349	5572
4350	6234
4351	6362
4352	6608
4353	6594
4354	6428
4355	6235
4356	6512
4357	6514
4358	6504
4359	5579
4360	6604
4361	7413
4362	6515
4363	6361
4364	6564
4365	6565
4366	5597
4367	5650
4368	5648
4369	7030
4370	6668
4371	6521
4372	5612
4373	6549
4374	4526
4375	7034
4376	6894
4377	462
4378	4532
4379	9336
4380	4395
4381	6390
4382	6524
4383	4533
4384	4355
4385	4399
4386	4397
4387	6434
4388	6532
4389	4557
4390	4543
4391	4372
4392	4424
4393	5622
4394	6563
4395	4403
4396	4548
4397	4542
4398	4363
4399	5577
4400	6595
4401	6561
4402	4547
4403	6271
4404	6611
4405	6602
4406	6586
4407	4555
4408	4551
4409	4483
4410	5651
4411	7035
4412	6613
4413	6587
4414	7422
4415	458
4416	4491
4417	4488
4418	4374
4419	6272
4420	6248
4421	6612
4422	6367
4423	6610
4424	6579
4425	4375
4426	4389
4427	4388
4428	4391
4429	4425
4430	6593
4431	5630
4432	455
4433	9337
4434	5625
4435	7410
4436	5610
4437	5639
4438	5638
4439	7526
4440	4544
4441	4535
4442	6509
4443	6511
4444	5595
4445	7037
4446	6897
4447	6304
4448	6371
4449	6677
4450	6672
4451	4549
4452	454
4453	6550
4454	6533
4455	9313
4456	9315
4457	7016
4458	7524
4459	4373
4460	6312
4461	6898
4462	4376
4463	4377
4464	5583
4465	5593
4466	7020
4467	9338
4468	4490
4469	6315
4470	6347
4471	6671
4472	6673
4473	6541
4474	6537
4475	7411
4476	6369
4477	9345
4478	9344
4479	4489
4480	4381
4481	5634
4482	5635
4483	6306
4484	4380
4485	6516
4486	6596
4487	7522
4488	6340
4489	4378
4490	4400
4491	4404
4492	7036
4493	7038
4494	6310
4495	6370
4496	6600
4497	4545
4498	9339
4499	6333
4500	6615
4501	6603
4502	6601
4503	7535
4504	9310
4505	6679
4506	453
4507	6886
4508	6676
4509	6680
4510	447
4511	4540
4512	4396
4513	6889
4514	449
4515	4386
4516	4393
4517	4398
4518	7029
4519	7027
4520	7441
4521	6517
4522	6663
4523	6664
4524	6518
4525	448
4526	6336
4527	6617
4528	6526
4529	6618
4530	6650
4531	7523
4532	6556
4533	7534
4534	7532
4535	5611
4536	6316
4537	6530
4538	4536
4539	4538
4540	4383
4541	4426
4542	4481
4543	6319
4544	6575
4545	6558
4546	5619
4547	6321
4548	6308
4549	6528
4550	4546
4551	5580
4552	5628
4553	7024
4554	9342
4555	4384
4556	4405
4557	5608
4558	6890
4559	7426
4560	7432
4561	9350
4562	9354
4563	4385
4564	4429
4565	6572
4566	6540
4567	6536
4568	7040
4569	6682
4570	6683
4571	6681
4572	4487
4573	4409
4574	9322
4575	7013
4576	6882
4577	6666
4578	7434
4579	6883
4580	9340
4581	6902
4582	6589
4583	6901
4584	6684
4585	6590
4586	435
4587	7054
4588	6568
4589	7405
4590	6539
4591	9349
4592	7039
4609	6802
4594	6801
4595	7546
4596	7014
4597	6649
4611	9356
4599	7041
4600	7540
4601	7543
4602	9327
4603	4436
4604	7545
4605	9320
4606	9325
4640	4431
4608	6731
4610	6580
4612	9357
4613	6322
4614	6592
4615	4406
4616	4422
4617	7055
4618	7060
4619	7046
4620	6905
4621	6737
4622	6655
4623	6656
4624	7442
4625	4430
4626	6804
4627	6744
4628	6577
4629	9323
4630	440
4631	4407
4632	4419
4633	6686
4634	6641
4635	7430
4636	7533
4637	4418
4638	6665
4639	437
4641	6338
4642	438
4643	6574
4644	6570
4645	7400
4646	4423
4647	4427
4648	5637
4649	6732
4650	4482
4651	7063
4652	5618
4653	6806
4654	7433
4655	4486
4656	6576
4657	4414
4658	4410
4659	6331
4660	6628
4661	9370
4662	4420
4663	6661
4664	6689
4665	6690
4666	6629
4667	6795
4668	7541
4669	9326
4670	419
4671	4479
4672	7438
4673	421
4674	9369
4675	6839
4676	6836
4677	7072
4678	6906
4679	6863
4680	6867
4681	6851
4682	6645
4683	7429
4684	4433
4685	9371
4686	7443
4687	9402
4688	4428
4689	7062
4690	7067
4691	7048
4692	6646
4693	7395
4694	7539
4695	9333
4696	432
4697	4435
4698	7394
4699	427
4700	4434
4701	4437
4702	7070
4703	7074
4704	6687
4705	6734
4706	4457
4707	428
4708	4441
4709	6631
4710	6735
4711	7403
4712	7408
4713	4446
4714	6718
4715	4458
4716	6852
4717	6642
4718	7560
4719	9373
4720	7549
4721	7554
4722	9406
4723	6747
4724	9330
4725	10214
4726	7044
4727	7045
4728	6799
4729	6797
4730	7427
4731	9407
4732	4460
4733	7407
4734	7424
4735	7436
4736	9334
4737	9405
4738	9412
4739	10213
4740	6876
4741	6841
4742	6749
4743	6634
4744	7444
4745	7521
4746	6842
4747	7446
4748	6800
4749	6719
4750	6712
4751	7447
4752	9410
4753	7075
4754	6910
4755	4412
4756	4462
4757	4476
4758	7077
4759	7007
4760	6854
4761	6647
4762	6696
4763	6697
4764	9413
4765	4439
4766	6711
4767	9408
4768	7076
4769	6720
4770	9332
4771	9378
4772	9380
4773	4469
4774	10209
4775	7518
4776	7550
4777	423
4778	417
4779	9390
4780	4444
4781	4467
4782	6911
4783	7454
4784	7558
4785	9331
4786	4464
4787	6743
4788	7458
4789	7455
4790	7511
4791	7517
4792	6704
4793	7386
4794	6635
4795	7385
4796	9505
4797	9389
4798	4447
4799	4452
4800	4474
4801	4473
4802	6837
4803	6702
4804	7389
4805	7406
4806	4456
4807	7476
4808	6908
4809	7364
4810	10216
4811	6701
4812	7475
4813	7449
4814	6699
4815	7399
4816	7402
4817	7456
4818	410
4819	9382
4820	9385
4821	9383
4822	10215
4823	6721
4824	7474
4825	6752
4826	10210
4827	6875
4828	6873
4829	7515
4830	422
4831	4472
4832	10207
4833	4478
4834	4411
4835	7553
4836	383
4837	408
4838	407
4839	7556
4840	10114
4841	10198
4842	7086
4843	7078
4844	4455
4845	4465
4846	10181
4847	7460
4848	10185
4849	10199
4850	7305
4851	386
4852	384
4853	413
4854	9399
4855	411
4856	9414
4857	6759
4858	6791
4859	7390
4860	7552
4861	9398
4862	9415
4863	6751
4864	6739
4865	7507
4866	6703
4867	7514
4868	4450
4869	10208
4870	7088
4871	7090
4872	7084
4873	6992
4874	6713
4875	10117
4876	6762
4877	6740
4878	7472
4879	7506
4880	7492
4881	9391
4882	10211
4883	7303
5030	9506
4885	10212
4886	6857
4887	6855
4888	6705
4889	7308
4890	7361
4891	7505
4892	6988
4893	7397
4894	6860
4895	6789
4896	6724
4897	7494
4898	4448
4899	10182
4900	7094
4901	7091
4902	10091
4903	10088
4904	10219
4905	7093
4906	7097
4907	6821
4908	7508
4909	9504
4910	10080
4911	10090
4912	7480
4913	385
4914	9416
4915	6766
4916	10183
4917	6829
4918	9396
4919	9397
4920	6725
4921	9392
4922	6765
4923	7369
4924	9495
4925	7483
4926	409
4927	9427
4928	7099
4929	6960
4930	6989
4931	6859
4932	6844
4933	6785
4934	7451
4935	406
4936	9384
4937	6761
4938	6763
4939	9508
4940	405
4941	10118
4942	9419
4943	10186
4944	6790
4945	6769
4946	9418
4947	10120
4948	10122
4949	10220
4950	10085
4951	6782
4952	6824
4953	9500
4954	9499
4955	10194
4956	7095
4957	7287
4962	10224
4959	6823
4960	7488
4961	402
4963	10222
4964	6787
4965	6771
4966	9498
4967	377
4968	6959
4969	7368
4970	7485
4971	387
4972	9395
4973	10084
4974	10180
4975	6822
4976	389
4999	10072
4978	10124
4979	10179
4980	7362
4981	7512
4982	378
4983	6984
4984	7479
4985	7367
4986	10177
4987	6781
4988	7371
4989	392
4990	9424
4991	9423
4992	10192
4993	7102
4994	7360
4995	7363
4996	9496
4997	10221
4998	6951
5000	6827
5001	7374
5002	6955
5003	9426
5004	7096
5005	7486
5006	6779
5007	9526
5008	9501
5009	9524
5010	9429
5011	10086
5012	6778
5013	7272
5014	9541
5015	379
5016	10242
5017	6817
5018	6788
5019	381
5020	6986
5021	7306
5022	9428
5023	6965
5024	7101
5025	6818
5026	6814
5027	9425
5028	10228
5029	9485
5031	10239
5032	6967
5033	6952
5034	7493
5035	9546
5036	9548
5037	10229
5038	6917
5039	7268
5040	7302
5041	9488
5042	373
5043	6916
5044	6947
5045	7499
5046	7502
5047	9507
5048	375
5049	9432
5050	7284
5051	404
5052	10176
5053	6982
5054	7105
5055	6978
5056	7307
5057	7383
5058	7382
5059	6970
5060	6949
5061	6811
5062	7504
5063	10073
5064	10075
5065	6812
5066	7108
5067	9491
5068	399
5069	10195
5070	10230
5071	9492
5072	397
5073	9464
5074	394
5075	10107
5076	7114
5077	7285
5078	7288
5079	7373
5080	9502
5081	10112
5082	10175
5083	10173
5084	6979
5085	7115
5086	7273
5087	7298
5088	7377
5089	7379
5090	7111
5091	6815
5092	7324
5093	9549
5094	9493
5095	9489
5096	7316
5097	9543
5098	9542
5099	9436
5100	9422
5101	10092
5102	10152
5103	10155
5104	7381
5105	10077
5106	6980
5107	7129
5108	6975
5109	7304
5110	9539
5111	10069
5112	10174
5113	10172
5114	10170
5115	7118
5116	7119
5117	7487
5118	7501
5119	9533
5120	10237
5121	7267
5122	7296
5123	9466
5124	6971
5125	7113
5126	7126
5127	10243
5128	7321
5129	7147
5130	9515
5131	9511
5132	6969
5133	7375
5134	9532
5135	9525
5136	6922
5137	7269
5138	7270
5139	7313
5140	390
5141	6813
5142	7314
5143	7329
5144	7358
5145	393
5146	9437
5147	9434
5148	10078
5149	6924
5150	7283
5151	10094
5152	7333
5153	9440
5154	10153
5155	7127
5156	7498
5157	9512
5158	9490
5159	10245
5160	7130
5161	9474
5162	9463
5163	10231
5164	9530
5165	10227
5166	7332
5167	7376
5168	7275
5169	376
5170	9531
5171	9527
5172	9528
5173	369
5174	10191
5175	9441
5176	9456
5177	7151
5178	7116
5179	7277
5180	7353
5181	7357
5182	10248
5183	7153
5184	6925
5185	6934
5186	7263
5187	9470
5188	9469
5189	7188
5190	7191
5191	7201
5192	7262
5193	9535
5194	9514
5195	9468
5196	9467
5197	7136
5198	10232
5199	7148
5200	9538
5201	9529
5202	9519
5203	9443
5204	10251
5205	10109
5206	7297
5207	10164
5208	10171
5209	10252
5210	10169
5211	7266
5212	10246
5213	7150
5214	7149
5215	7500
5216	10168
5217	9537
5218	9668
5219	9569
5220	10062
5221	7281
5282	9472
5223	9457
5224	10104
5225	10095
5226	7205
5227	10156
5228	9521
5229	10249
5230	10247
5231	7132
5232	7351
5233	7203
5234	7210
5235	7294
5236	9476
5237	7154
5238	9556
5239	9555
5240	10103
5241	10106
5242	10102
5243	10100
5244	10064
5245	10167
5246	7318
5247	7334
5248	9450
5249	9455
5250	9669
5251	9575
5252	9518
5253	9509
5254	9510
5255	7156
5256	9574
5257	9444
5258	7184
5259	7183
5260	7185
5261	7349
5262	9674
5263	7168
5264	7186
5265	7134
5266	7347
5267	9483
5268	9481
5269	9461
5270	7178
5271	7176
5272	7182
5273	7202
5274	7345
5275	9553
5276	9554
5277	10253
5278	7338
5279	10165
5280	7331
5281	9570
5283	9602
5284	9608
5285	10065
5286	10148
5287	370
5288	9601
5289	9612
5290	7206
5291	9607
5292	9458
5293	7348
5294	10154
5295	7282
5296	9824
5297	9449
5298	7167
5299	7320
5300	9567
5301	9559
5302	7189
5303	9823
5304	7330
5305	7344
5306	7194
5307	7208
5308	7257
5309	9676
5310	10255
5311	7172
5312	10101
5313	7196
5314	9829
5315	9459
5316	10139
5317	10066
5318	10140
5319	10147
5320	10257
5321	9837
5322	9571
5323	9568
5324	10126
5325	10130
5326	10254
5327	10262
5328	7195
5329	7212
5330	9578
5331	10260
5332	9839
5333	7341
5334	9563
5335	9587
5336	10258
5337	9592
5338	10060
5339	7264
5340	9822
5341	9480
5342	9590
5343	9611
5344	10166
5345	9576
5346	9670
5347	9586
5348	99
5349	76
5350	10163
5351	7339
5352	9581
5353	9610
5354	9678
5355	9619
5356	10265
5357	9705
5358	9677
5359	9583
5360	7227
5361	7260
5362	9807
5363	9808
5364	9802
5365	9609
5366	7209
5367	9803
5368	9665
5369	9672
5370	9445
5371	10052
5372	10261
5373	9594
5374	10267
5375	9852
5376	9603
5377	9615
5378	9990
5379	7197
5380	9850
5381	9666
5382	9597
5383	9605
5384	10128
5385	10135
5386	9620
5387	9614
5388	9838
5389	100
5390	9598
5391	9993
5392	10127
5393	7173
5394	7228
5395	7259
5396	10160
5397	9806
5398	9618
5399	9579
5400	10269
5401	9447
5402	10271
5403	10266
5404	10264
5405	7230
5406	9834
5407	9844
5408	9617
5409	7215
5410	9832
5411	10041
5412	7233
5413	7223
5414	7248
5415	7252
5416	7243
5417	7239
5418	9577
5419	7234
5420	9593
5421	9830
5422	9835
5423	9704
5424	9706
5425	9580
5426	9589
5427	10134
5428	9780
5429	9707
5430	9655
5431	9624
5432	9621
5433	9991
5434	10132
5435	9656
5436	9622
5437	77
5438	7237
5439	9634
5440	9737
5441	9853
5442	9778
5443	9626
5444	9625
5445	7175
5446	9739
5447	10273
5448	9855
5449	9635
5450	9638
5451	9637
5452	9862
5453	7249
5454	9639
5455	9994
5456	9584
5457	101
5458	103
5459	7179
5460	9651
5461	10046
5462	10024
5463	9654
5464	9650
5465	10044
5466	7255
5467	10282
5468	10270
5469	9995
5470	9988
5471	9986
5472	10025
5473	9809
5474	9811
5475	9813
5476	7241
5477	9646
5478	9588
5479	9627
5480	9628
5481	10045
5482	10280
5483	9856
5484	9708
5492	7240
5486	9810
5487	9857
5488	9801
5489	9800
5490	9667
5491	9681
5493	9711
5494	9698
5495	9746
5496	9783
5497	9722
5498	9644
5499	9645
5500	9747
5501	9992
5502	10283
5503	10307
5504	7231
5505	9864
5506	10285
5507	10312
5508	10278
5509	9712
5510	7229
5511	9714
5512	9680
5513	7244
5514	9723
5515	9652
5516	10274
5517	10286
5518	9630
5519	9878
5520	9879
5521	9863
5522	9682
5523	9740
5524	10275
5525	10288
5526	9818
5527	9724
5528	10281
5529	10302
5530	9726
5531	9701
5532	9685
5533	9662
5534	7250
5535	9659
5609	9661
5537	104
5538	9886
5539	9987
5540	102
5541	7235
5542	7247
5543	9631
5544	9910
5545	9702
5546	9653
5547	9880
5548	9903
5549	9683
5550	9905
5551	9684
5552	9898
5553	10276
5554	10290
5555	10303
5556	9814
5557	78
5558	9720
5559	10013
5560	10299
5561	9981
5562	10002
5563	10298
5564	9817
5565	9798
5566	9911
5567	9715
5568	9982
5569	9865
5570	105
5571	9977
5572	9713
5573	9795
5574	9796
5575	9749
5576	10304
5577	9914
5578	9859
5579	10308
5580	9815
5581	9790
5582	9743
5583	9750
5584	10309
5585	9904
5586	9703
5587	9697
5588	9693
5589	9860
5590	9734
5591	10301
5592	9870
5593	9686
5594	9727
5595	9868
5596	9687
5597	9756
5598	9979
5599	9881
5600	9899
5601	9900
5602	9648
5603	9885
5604	9694
5605	9869
5606	9846
5607	9735
5608	9887
5610	9690
5611	9873
5612	109
5613	9758
5614	10306
5615	9891
5616	9816
5617	9871
5618	9649
5619	9691
5620	9785
5621	9791
5622	9789
5623	9965
5624	9696
5625	9889
5626	10014
5627	10323
5628	9913
5629	79
5630	9848
5631	9964
5632	9877
5633	9915
5634	9847
5635	9917
5636	9969
5637	10333
5638	9692
5639	9786
5640	9890
5641	9760
5642	10006
5643	9764
5644	10324
5645	9916
5646	10001
5647	10330
5648	10331
5649	9729
5650	9968
5651	9958
5652	9975
5653	9774
5654	9776
5655	9763
5656	9766
5657	9771
5658	9768
5659	9787
5660	9954
5661	115
5662	117
5663	9918
5664	116
5665	9733
5666	9732
5667	9960
5668	9963
5669	9896
5670	112
5671	113
5672	119
5673	9956
5674	9943
5675	111
5676	9941
5677	9769
5678	9876
5679	106
5680	9773
5681	9962
5682	110
5683	9951
5684	9961
5685	9952
5686	120
5687	10327
5688	9772
5689	9937
5690	9919
5691	9947
5692	81
5693	9945
5694	82
5695	83
5696	10336
5697	9921
5698	9924
5699	10338
5700	9949
5701	9944
5702	9936
5703	9950
5704	9922
5705	84
5706	9938
5707	121
5714	9939
5709	9935
5710	9925
5711	9932
5712	9934
5713	9927
5715	9923
5716	9928
5717	9931
5718	85
5719	9929
